5

data/multi/patt_a
20.0
0.0 0.0
1.0000 0.0000 0.0000 0.0000 
0.0000 1.0000 0.0000 0.0000 
0.0000 0.0000 1.0000 0.0000 

data/multi/patt_b
20.0
0.0 0.0
1.0000 0.0000 0.0000 0.0000 
0.0000 0.0000 -1.0000 -20.0000 
0.0000 1.0000 0.0000 -20.0000 

data/multi/patt_c
20.0
0.0 0.0
-1.0000 -0.0000 0.0000 0.0000 
0.0000 -0.0000 1.0000 20.0000 
-0.0000 1.0000 0.0000 -20.0000 

data/multi/patt_d
20.0
0.0 0.0
0.0000 0.0000 -1.0000 -20.0000 
-1.0000 0.0000 0.0000 0.0000 
0.0000 1.0000 0.0000 -20.0000 

data/multi/patt_f
20.0
0.0 0.0
0.0000 -0.0000 1.0000 20.0000 
1.0000 0.0000 0.0000 0.0000 
-0.0000 1.0000 0.0000 -20.0000 
